1.4 1.4 0.0 1.400168 1.3998318 0.999999322861345
1.4 1.4 0.0002 1.400168 1.3998318 0.9999990728485424
1.4 1.4 0.0004 1.4002258 1.3997746 0.9999993550649114
1.4 1.4 0.0006000000000000001 1.4002258 1.3997746 0.9999996457082267
1.4 1.4 0.0008 1.4002258 1.3997746 0.9999980969065948
1.4 1.4 0.001 1.4008414 1.3991601 0.9999972691766682
1.4 1.4 0.0012000000000000001 1.400882 1.3991202 0.9999939088503741
1.4 1.4 0.0014 1.4007839 1.3992187 0.9999888481012822
1.4 1.4 0.0016 1.4002933 1.3997094 0.9999816579004646
1.4 1.4 0.0018000000000000002 1.400738 1.3992657 0.999971158595325
1.4 1.4 0.002 1.4007065 1.3992978 0.9999566731190136
1.4 1.4 0.0022 1.4004201 1.3995845 0.9999368468518015
1.4 1.4 0.0024000000000000002 1.4006149 1.3993911 0.9999096299134417
1.4 1.4 0.0026000000000000003 1.4007282 1.3992785 0.9998769286964428
1.4 1.4 0.0028 1.4008671 1.399141 0.9998344449542944
1.4 1.4 0.003 1.4000683 1.3999403 0.9997820169903898
1.4 1.4 0.0032 1.4000923 1.3999175 0.9997179105538544
1.4 1.4 0.0034000000000000002 1.4009112 1.3991005 0.9996408098638714
1.4 1.4 0.0036000000000000003 1.4008343 1.3991784 0.9995495195763506
1.4 1.4 0.0038 1.4005747 1.3994389 0.9994410069842007
1.4 1.4 0.004 1.4009309 1.3990849 0.9993148047730115
1.4 1.4 0.004200000000000001 1.4004925 1.3995241 0.9991686557619051
1.4 1.4 0.0044 1.4005315 1.3994869 0.9990003271060944
1.4 1.4 0.0046 1.400656 1.3993643 0.998807593398308
1.4 1.4 0.0048000000000000004 1.4007929 1.3992293 0.9985892612972759
1.4 1.4 0.005 1.400831 1.399193 0.9983432127690676
1.4 1.4 0.005200000000000001 1.4004622 1.3995632 0.9980673803301869
1.4 1.4 0.0054 1.4006806 1.3993468 0.9977586188840978
1.4 1.4 0.0056 1.4007712 1.3992587 0.997415487769611
1.4 1.4 0.0058000000000000005 1.4006246 1.3994069 0.9970375695389593
1.4 1.4 0.006 1.4009857 1.3990487 0.9966197184734021
1.4 1.4 0.006200000000000001 1.4001495 1.3998865 0.9961621410839856
1.4 1.4 0.0064 1.400895 1.3991434 0.9956633989375846
1.4 1.4 0.0066 1.4006307 1.3994097 0.9951203676144834
1.4 1.4 0.0068000000000000005 1.4005167 1.3995259 0.9945307437277421
1.4 1.4 0.007 1.4006679 1.3993773 0.9938936909047852
1.4 1.4 0.007200000000000001 1.4008971 1.3991514 0.9932076587391601
1.4 1.4 0.0074 1.4006123 1.399437 0.9924530721229998
1.4 1.4 0.0076 1.4006123 1.399437 0.9914956152778513
1.4 1.4 0.0078000000000000005 1.4006123 1.399437 0.9903046150763358
1.4 1.4 0.008 1.4006123 1.399437 0.9888732512132891
1.4 1.4 0.0082 1.4006123 1.399437 0.9871958817558573
1.4 1.4 0.008400000000000001 1.4006123 1.399437 0.9852680760333542
1.4 1.4 0.0086 1.4006123 1.399437 0.9830866427962953
1.4 1.4 0.0088 1.4006123 1.399437 0.9806496558672804
1.4 1.4 0.009000000000000001 1.4006123 1.399437 0.9779564778485165
1.4 1.4 0.0092 1.4006123 1.399437 0.9750077802342453
1.4 1.4 0.0094 1.4006123 1.399437 0.9718055558869254
1.4 1.4 0.009600000000000001 1.4006123 1.399437 0.9683531178105194
1.4 1.4 0.0098 1.4006123 1.399437 0.9646550771005751
1.4 1.4 0.01 1.4006123 1.399437 0.96071729341324
1.4 1.4 0.0102 1.4006123 1.399437 0.9565467935984255
1.4 1.4 0.010400000000000001 1.4006123 1.399437 0.9521516582238313
1.4 1.4 0.0106 1.4006123 1.399437 0.9475408810285441
1.4 1.4 0.0108 1.4006123 1.399437 0.9427242118386515
1.4 1.4 0.011000000000000001 1.4006123 1.399437 0.9377119977539308
1.4 1.4 0.0112 1.4006123 1.399437 0.9325150390169527
1.4 1.4 0.0114 1.4006123 1.399437 0.9271444738140502
1.4 1.4 0.011600000000000001 1.4006123 1.399437 0.9216117000636179
1.4 1.4 0.0118 1.4006123 1.399437 0.9159283329028194
1.4 1.4 0.012 1.4006123 1.399437 0.9101061862002696
1.4 1.4 0.0122 1.4006123 1.399437 0.9041572579908482
1.4 1.4 0.012400000000000001 1.4006123 1.399437 0.8980936963759899
1.4 1.4 0.0126 1.4006123 1.399437 0.8919277263659902
1.4 1.4 0.0128 1.4006123 1.399437 0.8856715295858519
1.4 1.4 0.013000000000000001 1.4006123 1.399437 0.879720757992839
1.4 1.4 0.0132 1.4006123 1.399437 0.8737388098718089
1.4 1.4 0.0134 1.4006123 1.399437 0.8676896496272603
1.4 1.4 0.013600000000000001 1.4006123 1.399437 0.8615836929730872
1.4 1.4 0.013800000000000002 1.4006123 1.399437 0.8554307656599421
1.4 1.4 0.014 1.4006123 1.399437 0.8492401601814894
1.4 1.4 0.0142 1.4006123 1.399437 0.8430207451547828
1.4 1.4 0.014400000000000001 1.4006123 1.399437 0.8367810783521464
1.4 1.4 0.0146 1.4006123 1.399437 0.8305294693606237
1.4 1.4 0.0148 1.4006123 1.399437 0.8242739549542255
1.4 1.4 0.015000000000000001 1.4006123 1.399437 0.818022186019069
1.4 1.4 0.0152 1.4006123 1.399437 0.8117812664452562
1.4 1.4 0.0154 1.4006123 1.399437 0.8055576134895764
1.4 1.4 0.015600000000000001 1.4006123 1.399437 0.7993569095962408
1.4 1.4 0.0158 1.4006123 1.399437 0.7931841822090978
1.4 1.4 0.016 1.4006123 1.399437 0.7870439914471339
1.4 1.4 0.0162 1.4006123 1.399437 0.7809406505280303
1.4 1.4 0.0164 1.4006123 1.399437 0.7748783794540303
1.4 1.4 0.0166 1.4006123 1.399437 0.7688613168469316
1.4 1.4 0.016800000000000002 1.4006123 1.399437 0.762893382729127
1.4 1.4 0.017 1.4006123 1.399437 0.7569780658555305
1.4 1.4 0.0172 1.4006123 1.399437 0.7511182591096943
1.4 1.4 0.017400000000000002 1.4006123 1.399437 0.7453162516813718
1.4 1.4 0.0176 1.4006123 1.399437 0.7395739059667688
1.4 1.4 0.0178 1.4006123 1.399437 0.7338929391439641
1.4 1.4 0.018000000000000002 1.4006123 1.399437 0.7282751567566553
1.4 1.4 0.0182 1.4006123 1.399437 0.7227224994489937
1.4 1.4 0.0184 1.4006123 1.399437 0.7172368681023882
1.4 1.4 0.018600000000000002 1.4006123 1.399437 0.7118198319333434
1.4 1.4 0.0188 1.4006123 1.399437 0.7064724105592217
1.4 1.4 0.019 1.4006123 1.399437 0.7011950882699152
1.4 1.4 0.019200000000000002 1.4006123 1.399437 0.6959880729480736
1.4 1.4 0.0194 1.4006123 1.399437 0.6908516410391132
1.4 1.4 0.0196 1.4006123 1.399437 0.6857863337180083
1.4 1.4 0.0198 1.4006123 1.399437 0.6807928566585649
1.4 1.4 0.02 1.4006123 1.399437 0.6758717427465172
1.4 1.4 0.020200000000000003 1.4006123 1.399437 0.671023021399926
1.4 1.4 0.0204 1.4006123 1.399437 0.6662461537883989
1.4 1.4 0.0206 1.4006123 1.399437 0.6615403064717273
1.4 1.4 0.020800000000000003 1.4006123 1.399437 0.6569047718769072
1.4 1.4 0.021 1.4006123 1.399437 0.652339209414244
1.4 1.4 0.0212 1.4006123 1.399437 0.647843503788794
1.4 1.4 0.021400000000000002 1.4006123 1.399437 0.6434173439117098
1.4 1.4 0.0216 1.4006123 1.399437 0.6390598738521858
1.4 1.4 0.0218 1.4006123 1.399437 0.6347697319902088
1.4 1.4 0.022000000000000002 1.4006123 1.399437 0.6305454746593483
1.4 1.4 0.0222 1.4006123 1.399437 0.6263860337064765
1.4 1.4 0.0224 1.4006123 1.399437 0.6222908001882236
1.4 1.4 0.022600000000000002 1.4006123 1.399437 0.6182592446114931
1.4 1.4 0.0228 1.4006123 1.399437 0.614290416051634
1.4 1.4 0.023 1.4006123 1.399437 0.6103828028739651
1.4 1.4 0.023200000000000002 1.4006123 1.399437 0.6065347175925281
1.4 1.4 0.0234 1.4006123 1.399437 0.6027448584438941
1.4 1.4 0.0236 1.4006123 1.399437 0.5990124973669674
1.4 1.4 0.0238 1.4006123 1.399437 0.5953370885176771
1.4 1.4 0.024 1.4006123 1.399437 0.5917176792036885
1.4 1.4 0.024200000000000003 1.4006123 1.399437 0.5881527377458449
1.4 1.4 0.0244 1.4006123 1.399437 0.5846406048718806
1.4 1.4 0.0246 1.4006123 1.399437 0.5811801093960104
1.4 1.4 0.024800000000000003 1.4006123 1.399437 0.5777706776829759
1.4 1.4 0.025 1.4006123 1.399437 0.5744117905689132
1.4 1.4 0.0252 1.4006123 1.399437 0.5711023731870772
1.4 1.4 0.025400000000000002 1.4006123 1.399437 0.5678408162108012
1.4 1.4 0.0256 1.4006123 1.399437 0.5646256318067443
1.4 1.4 0.0258 1.4006123 1.399437 0.561455996533834
1.4 1.4 0.026000000000000002 1.4006123 1.399437 0.5583315261204437
1.4 1.4 0.0262 1.4006123 1.399437 0.555251525100862
1.4 1.4 0.0264 1.4006123 1.399437 0.5522146168474076
1.4 1.4 0.026600000000000002 1.4006123 1.399437 0.5492192350537594
1.4 1.4 0.0268 1.4006123 1.399437 0.546264392377403
1.4 1.4 0.027 1.4006123 1.399437 0.5433497532421822
1.4 1.4 0.027200000000000002 1.4006123 1.399437 0.5404748896695826
1.4 1.4 0.0274 1.4006123 1.399437 0.5376386690642391
1.4 1.4 0.027600000000000003 1.4006123 1.399437 0.5348489307912695
1.4 1.4 0.027800000000000002 1.4006123 1.399437 0.5321074576532508
1.4 1.4 0.028 1.4006123 1.399437 0.5294011845664363
1.4 1.4 0.028200000000000003 1.4006123 1.399437 0.5267299267920881
1.4 1.4 0.0284 1.4006123 1.399437 0.5240927916464333
1.4 1.4 0.0286 1.4006123 1.399437 0.5214884230474193
1.4 1.4 0.028800000000000003 1.4006123 1.399437 0.5189159476772172
1.4 1.4 0.029 1.4006123 1.399437 0.5163752701840661
1.4 1.4 0.0292 1.4006123 1.399437 0.5138662579478317
1.4 1.4 0.029400000000000003 1.4006123 1.399437 0.5113879877603832
1.4 1.4 0.0296 1.4006123 1.399437 0.5089391889130931
1.4 1.4 0.0298 1.4006123 1.399437 0.5065192469844187
1.4 1.4 0.030000000000000002 1.4006123 1.399437 0.5041282392539447
1.4 1.4 0.0302 1.4006123 1.399437 0.5017659127247797
1.4 1.4 0.0304 1.4006123 1.399437 0.4994311787951882
1.4 1.4 0.030600000000000002 1.4006123 1.399437 0.49712294587810796
1.4 1.4 0.0308 1.4006123 1.399437 0.4948409929104541
1.4 1.4 0.031 1.4006123 1.399437 0.4925854659383698
1.4 1.4 0.031200000000000002 1.4006123 1.399437 0.49035578790746825
1.4 1.4 0.031400000000000004 1.4006123 1.399437 0.48815078137408896
1.4 1.4 0.0316 1.4006123 1.399437 0.48596983704943464
1.4 1.4 0.0318 1.4006123 1.399437 0.4838131747242317
1.4 1.4 0.032 1.4006123 1.399437 0.4816807208820441
1.4 1.4 0.0322 1.4006123 1.399437 0.47957150653150044
1.4 1.4 0.0324 1.4006123 1.399437 0.47748464989335593
1.4 1.4 0.032600000000000004 1.4006123 1.399437 0.47542022267282275
1.4 1.4 0.0328 1.4006123 1.399437 0.4733784424608878
1.4 1.4 0.033 1.4006123 1.399437 0.4713586001666898
1.4 1.4 0.0332 1.4006123 1.399437 0.46935966806715235
1.4 1.4 0.0334 1.4006123 1.399437 0.46738150974943554
1.4 1.4 0.033600000000000005 1.4006123 1.399437 0.46542445571199254
1.4 1.4 0.033800000000000004 1.4006123 1.399437 0.46348800055638834
1.4 1.4 0.034 1.4006123 1.399437 0.46157107278674897
1.4 1.4 0.0342 1.4006123 1.399437 0.4596734049818413
1.4 1.4 0.0344 1.4006123 1.399437 0.45779538940014863
1.4 1.4 0.0346 1.4006123 1.399437 0.4559366668450297
1.4 1.4 0.034800000000000005 1.4006123 1.399437 0.4540961955786862
1.4 1.4 0.035 1.4006123 1.399437 0.45227369711438414
1.4 1.4 0.0352 1.4006123 1.399437 0.4504696129602517
1.4 1.4 0.0354 1.4006123 1.399437 0.4486836246604751
1.4 1.4 0.0356 1.4006123 1.399437 0.44691472030007834
1.4 1.4 0.0358 1.4006123 1.399437 0.44516269969742006
1.4 1.4 0.036000000000000004 1.4006123 1.399437 0.4434280205472155
1.4 1.4 0.0362 1.4006123 1.399437 0.4417102695661352
1.4 1.4 0.0364 1.4006123 1.399437 0.44000845905525643
1.4 1.4 0.0366 1.4006123 1.399437 0.43832256031698585
1.4 1.4 0.0368 1.4006123 1.399437 0.43665301182820154
1.4 1.4 0.037000000000000005 1.4006123 1.399437 0.4349992265285376
1.4 1.4 0.037200000000000004 1.4006123 1.399437 0.4333603312925638
1.4 1.4 0.0374 1.4006123 1.399437 0.4317365487705996
1.4 1.4 0.0376 1.4006123 1.399437 0.43012816757261924
1.4 1.4 0.0378 1.4006123 1.399437 0.4285343616620744
1.4 1.4 0.038 1.4006123 1.399437 0.42695451986287314
1.4 1.4 0.038200000000000005 1.4006123 1.399437 0.42538911204617175
1.4 1.4 0.038400000000000004 1.4006123 1.399437 0.4238381030368254
1.4 1.4 0.0386 1.4006123 1.399437 0.42230053325387784
1.4 1.4 0.0388 1.4006123 1.399437 0.42077626186572525
1.4 1.4 0.039 1.4006123 1.399437 0.4192658266384842
1.4 1.4 0.0392 1.4006123 1.399437 0.4177687225021093
1.4 1.4 0.039400000000000004 1.4006123 1.399437 0.41628416622391073
1.4 1.4 0.0396 1.4006123 1.399437 0.4148125512305771
1.4 1.4 0.0398 1.4006123 1.399437 0.41335408923455974
1.4 1.4 0.04 1.4006123 1.399437 0.411907894904924
1.4 1.4 0.0402 1.4006123 1.399437 0.41047376025694826
1.4 1.4 0.040400000000000005 1.4006123 1.399437 0.4090522874668407
1.4 1.4 0.040600000000000004 1.4006123 1.399437 0.407643032893131
1.4 1.4 0.0408 1.4006123 1.399437 0.4062452745548246
1.4 1.4 0.041 1.4006123 1.399437 0.404859499419339
1.4 1.4 0.0412 1.4006123 1.399437 0.4034858398401359
1.4 1.4 0.0414 1.4006123 1.399437 0.4021233943916187
1.4 1.4 0.041600000000000005 1.4006123 1.399437 0.4007721699928424
1.4 1.4 0.041800000000000004 1.4006123 1.399437 0.3994326430199519
1.4 1.4 0.042 1.4006123 1.399437 0.39810405599605364
1.4 1.4 0.0422 1.4006123 1.399437 0.39678591255686857
1.4 1.4 0.0424 1.4006123 1.399437 0.39547878586251467
1.4 1.4 0.0426 1.4006123 1.399437 0.3941823084629745
1.4 1.4 0.042800000000000005 1.4006123 1.399437 0.39289569569969596
1.4 1.4 0.043000000000000003 1.4006123 1.399437 0.3916194305480421
1.4 1.4 0.0432 1.4006123 1.399437 0.390353573082105
1.4 1.4 0.0434 1.4006123 1.399437 0.3890972626290673
1.4 1.4 0.0436 1.4006123 1.399437 0.38785077552207115
1.4 1.4 0.0438 1.4006123 1.399437 0.38661447793130344
1.4 1.4 0.044000000000000004 1.4006123 1.399437 0.385387535263723
1.4 1.4 0.0442 1.4006123 1.399437 0.3841699691689348
1.4 1.4 0.0444 1.4006123 1.399437 0.38296232355289034
1.4 1.4 0.0446 1.4006123 1.399437 0.38176385282009623
1.4 1.4 0.0448 1.4006123 1.399437 0.3805743367889726
1.4 1.4 0.045000000000000005 1.4006123 1.399437 0.37939435716826664
1.4 1.4 0.045200000000000004 1.4006123 1.399437 0.3782232368479737
1.4 1.4 0.0454 1.4006123 1.399437 0.3770605918918843
1.4 1.4 0.0456 1.4006123 1.399437 0.3759070484031347
1.4 1.4 0.0458 1.4006123 1.399437 0.37476204759212867
1.4 1.4 0.046 1.4006123 1.399437 0.3736251563069003
1.4 1.4 0.046200000000000005 1.4006123 1.399437 0.37249703728724237
1.4 1.4 0.046400000000000004 1.4006123 1.399437 0.37137720252431244
1.4 1.4 0.0466 1.4006123 1.399437 0.3702652139377277
1.4 1.4 0.0468 1.4006123 1.399437 0.369161735370504
1.4 1.4 0.047 1.4006123 1.399437 0.3680662556369921
1.4 1.4 0.0472 1.4006123 1.399437 0.36697834085539865
1.4 1.4 0.047400000000000005 1.4006123 1.399437 0.3658986121262254
1.4 1.4 0.0476 1.4006123 1.399437 0.3648264644980684
1.4 1.4 0.0478 1.4006123 1.399437 0.3637615432204107
1.4 1.4 0.048 1.4006123 1.399437 0.3627044821624696
1.4 1.4 0.0482 1.4006123 1.399437 0.36165465861855833
1.4 1.4 0.048400000000000006 1.4006123 1.399437 0.3606119633735421
1.4 1.4 0.048600000000000004 1.4006123 1.399437 0.35957704342897434
1.4 1.4 0.0488 1.4006123 1.399437 0.35854921444198407
1.4 1.4 0.049 1.4006123 1.399437 0.35752857831991913
1.4 1.4 0.0492 1.4006123 1.399437 0.35651559458786364
1.4 1.4 0.0494 1.4006123 1.399437 0.3555094437056154
1.4 1.4 0.049600000000000005 1.4006123 1.399437 0.3545104036732323
1.4 1.4 0.049800000000000004 1.4006123 1.399437 0.3535186095849509
1.4 1.4 0.05 1.4006123 1.399437 0.35253321564724216
