1.4 1.4 0.0 1.4007807 1.3992193 0.9999992247218834
1.4 1.4 0.0002 1.4007807 1.3992193 0.9999991354523657
1.4 1.4 0.0004 1.4005552 1.3994458 0.9999988333590103
1.4 1.4 0.0006000000000000001 1.4005552 1.3994458 0.9999991775842736
1.4 1.4 0.0008 1.4005552 1.3994458 0.9999993207504079
1.4 1.4 0.001 1.4005552 1.3994458 0.9999989242255231
1.4 1.4 0.0012000000000000001 1.4005552 1.3994458 0.9999975531396665
1.4 1.4 0.0014 1.4005676 1.3994347 0.9999946894206695
1.4 1.4 0.0016 1.4005676 1.3994347 0.9999928538644993
1.4 1.4 0.0018000000000000002 1.4005676 1.3994347 0.9999885906874478
1.4 1.4 0.002 1.4005704 1.399433 0.9999826647790149
1.4 1.4 0.0022 1.4005704 1.399433 0.9999747995572378
1.4 1.4 0.0024000000000000002 1.4001601 1.3998445 0.9999639536934557
1.4 1.4 0.0026000000000000003 1.4001601 1.3998445 0.999951428171417
1.4 1.4 0.0028 1.4009542 1.3990524 0.9999345531030733
1.4 1.4 0.003 1.4009542 1.3990524 0.9999137682191469
1.4 1.4 0.0032 1.4003018 1.3997053 0.999889720767637
1.4 1.4 0.0034000000000000002 1.4009113 1.3990977 0.9998598860738007
1.4 1.4 0.0036000000000000003 1.4003262 1.3996835 0.9998241748294203
1.4 1.4 0.0038 1.4003262 1.3996835 0.9997839319236292
1.4 1.4 0.004 1.4000259 1.3999849 0.9997371064531385
1.4 1.4 0.004200000000000001 1.4002419 1.3997702 0.9996833954298523
1.4 1.4 0.0044 1.4009531 1.3990611 0.9996220971405959
1.4 1.4 0.0046 1.4008946 1.3991207 0.999553752136616
1.4 1.4 0.0048000000000000004 1.4003445 1.3996714 0.9994781373707039
1.4 1.4 0.005 1.4005996 1.3994178 0.9993944439206763
1.4 1.4 0.005200000000000001 1.400426 1.3995924 0.9993037751653461
1.4 1.4 0.0054 1.4003315 1.3996883 0.9992049560986535
1.4 1.4 0.0056 1.4003315 1.3996883 0.9991008827063086
1.4 1.4 0.0058000000000000005 1.4008768 1.3991448 0.9989897858860488
1.4 1.4 0.006 1.4003333 1.399689 0.9988737759211673
1.4 1.4 0.006200000000000001 1.4003934 1.3996302 0.9987530172547827
1.4 1.4 0.0064 1.4008979 1.3991274 0.9986284834459184
1.4 1.4 0.0066 1.4007653 1.3992611 0.998502180622886
1.4 1.4 0.0068000000000000005 1.400232 1.3997952 0.9983749199706738
1.4 1.4 0.007 1.4006205 1.3994082 0.9982473478134526
1.4 1.4 0.007200000000000001 1.4003367 1.3996931 0.9981209554732448
1.4 1.4 0.0074 1.4003367 1.3996931 0.9979968113557429
1.4 1.4 0.0076 1.4005453 1.3994859 0.9978754990095023
1.4 1.4 0.0078000000000000005 1.4009365 1.3990965 0.997756508857175
1.4 1.4 0.008 1.4009108 1.3991232 0.9976396498131984
1.4 1.4 0.0082 1.4004055 1.3996295 0.9975250713938902
1.4 1.4 0.008400000000000001 1.4006927 1.3993437 0.9974100431663466
1.4 1.4 0.0086 1.400508 1.3995296 0.9972943601422632
1.4 1.4 0.0088 1.4007779 1.3992611 0.9971752932471358
1.4 1.4 0.009000000000000001 1.4004187 1.3996225 0.997052488591971
1.4 1.4 0.0092 1.4009425 1.3991006 0.9969239957840667
1.4 1.4 0.0094 1.4009452 1.3990992 0.9967883220863779
1.4 1.4 0.009600000000000001 1.4007062 1.3993391 0.996643680430082
1.4 1.4 0.0098 1.4008571 1.3991908 0.99649026897479
1.4 1.4 0.01 1.4009001 1.3991492 0.9963266744864471
1.4 1.4 0.0102 1.4009001 1.3991492 0.9961437439841563
1.4 1.4 0.010400000000000001 1.4009001 1.3991492 0.9959357047014645
1.4 1.4 0.0106 1.4009001 1.3991492 0.99570235313637
1.4 1.4 0.0108 1.4009001 1.3991492 0.9954434613736683
1.4 1.4 0.011000000000000001 1.4009001 1.3991492 0.9951585514272868
1.4 1.4 0.0112 1.4009001 1.3991492 0.9948467905025506
1.4 1.4 0.0114 1.4009001 1.3991492 0.9945070592969378
1.4 1.4 0.011600000000000001 1.4009001 1.3991492 0.9941382029915219
1.4 1.4 0.0118 1.4009001 1.3991492 0.9937394211643638
1.4 1.4 0.012 1.4009001 1.3991492 0.9933107024821078
1.4 1.4 0.0122 1.4009001 1.3991492 0.9928531792525878
1.4 1.4 0.012400000000000001 1.4009001 1.3991492 0.9923692799676506
1.4 1.4 0.0126 1.4009001 1.3991492 0.9918626011126039
1.4 1.4 0.0128 1.4009001 1.3991492 0.9913374966555659
1.4 1.4 0.013000000000000001 1.4009001 1.3991492 0.9907984750391801
1.4 1.4 0.0132 1.4009001 1.3991492 0.9902495694856096
1.4 1.4 0.0134 1.4009001 1.3991492 0.9896938770089826
1.4 1.4 0.013600000000000001 1.4009001 1.3991492 0.9891334243141178
1.4 1.4 0.013800000000000002 1.4009001 1.3991492 0.9885694160092765
1.4 1.4 0.014 1.4009001 1.3991492 0.9880027803348167
1.4 1.4 0.0142 1.4009001 1.3991492 0.9874347997633974
1.4 1.4 0.014400000000000001 1.4009001 1.3991492 0.9868675539338029
1.4 1.4 0.0146 1.4009001 1.3991492 0.9863039486220984
1.4 1.4 0.0148 1.4009001 1.3991492 0.9857472561490556
1.4 1.4 0.015000000000000001 1.4009001 1.3991492 0.9852003011185453
1.4 1.4 0.0152 1.4009001 1.3991492 0.9846646054286592
1.4 1.4 0.0154 1.4009001 1.3991492 0.9841398686264736
1.4 1.4 0.015600000000000001 1.4009001 1.3991492 0.9836240533579734
1.4 1.4 0.0158 1.4009001 1.3991492 0.9831140938483259
1.4 1.4 0.016 1.4009001 1.3991492 0.9826069493737148
1.4 1.4 0.0162 1.4009001 1.3991492 0.9821005284445884
1.4 1.4 0.0164 1.4009001 1.3991492 0.981594031474747
1.4 1.4 0.0166 1.4009001 1.3991492 0.9810875230159911
1.4 1.4 0.016800000000000002 1.4009001 1.3991492 0.9805809433953164
1.4 1.4 0.017 1.4009001 1.3991492 0.9800731022984501
1.4 1.4 0.0172 1.4009001 1.3991492 0.979561263390143
1.4 1.4 0.017400000000000002 1.4009001 1.3991492 0.9790416498832057
1.4 1.4 0.0176 1.4009001 1.3991492 0.978510689977257
1.4 1.4 0.0178 1.4009001 1.3991492 0.9779663541162757
1.4 1.4 0.018000000000000002 1.4009001 1.3991492 0.9774088088663395
1.4 1.4 0.0182 1.4009001 1.3991492 0.9768399546079417
1.4 1.4 0.0184 1.4009001 1.3991492 0.9762620731224023
1.4 1.4 0.018600000000000002 1.4009001 1.3991492 0.9756763989245155
1.4 1.4 0.0188 1.4009001 1.3991492 0.9750825417120251
1.4 1.4 0.019 1.4009001 1.3991492 0.97447918431276
1.4 1.4 0.019200000000000002 1.4009001 1.3991492 0.9738656283546783
1.4 1.4 0.0194 1.4009001 1.3991492 0.9732431174527839
1.4 1.4 0.0196 1.4009001 1.3991492 0.9726149278254815
1.4 1.4 0.0198 1.4009001 1.3991492 0.9719850265307962
1.4 1.4 0.02 1.4009001 1.3991492 0.9713561468016937
1.4 1.4 0.020200000000000003 1.4009001 1.3991492 0.9707286467696986
1.4 1.4 0.0204 1.4009001 1.3991492 0.9701010325989693
1.4 1.4 0.0206 1.4009001 1.3991492 0.9694717992681199
1.4 1.4 0.020800000000000003 1.4009001 1.3991492 0.9688411706549253
1.4 1.4 0.021 1.4009001 1.3991492 0.9682113026446885
1.4 1.4 0.0212 1.4009001 1.3991492 0.9675846883553804
1.4 1.4 0.021400000000000002 1.4009001 1.3991492 0.9669620149269801
1.4 1.4 0.0216 1.4009001 1.3991492 0.9663413003312774
1.4 1.4 0.0218 1.4009001 1.3991492 0.9657191696109719
1.4 1.4 0.022000000000000002 1.4009001 1.3991492 0.9650933018486479
1.4 1.4 0.0222 1.4009001 1.3991492 0.9644639551460025
1.4 1.4 0.0224 1.4009001 1.3991492 0.9638331716797167
1.4 1.4 0.022600000000000002 1.4009001 1.3991492 0.9632023258318438
1.4 1.4 0.0228 1.4009001 1.3991492 0.9625702902618707
1.4 1.4 0.023 1.4009001 1.3991492 0.9619340501524403
1.4 1.4 0.023200000000000002 1.4009001 1.3991492 0.9612913155447831
1.4 1.4 0.0234 1.4009001 1.3991492 0.9606426524673584
1.4 1.4 0.0236 1.4009001 1.3991492 0.959990959692959
1.4 1.4 0.0238 1.4009001 1.3991492 0.9593386825291278
1.4 1.4 0.024 1.4009001 1.3991492 0.9586855262589913
1.4 1.4 0.024200000000000003 1.4009001 1.3991492 0.9580290760902952
1.4 1.4 0.0244 1.4009001 1.3991492 0.9573677631149135
1.4 1.4 0.0246 1.4009001 1.3991492 0.9567030253061849
1.4 1.4 0.024800000000000003 1.4009001 1.3991492 0.9560382059949702
1.4 1.4 0.025 1.4009001 1.3991492 0.9553752405127517
1.4 1.4 0.0252 1.4009001 1.3991492 0.9547127674703902
1.4 1.4 0.025400000000000002 1.4009001 1.3991492 0.9540478876042909
1.4 1.4 0.0256 1.4009001 1.3991492 0.9533796708484771
1.4 1.4 0.0258 1.4009001 1.3991492 0.9527103372818393
1.4 1.4 0.026000000000000002 1.4009001 1.3991492 0.9520426045269635
1.4 1.4 0.0262 1.4009001 1.3991492 0.9513762849307095
1.4 1.4 0.0264 1.4009001 1.3991492 0.950708322361021
1.4 1.4 0.026600000000000002 1.4009001 1.3991492 0.9500363908727797
1.4 1.4 0.0268 1.4009001 1.3991492 0.9493616663188599
1.4 1.4 0.027 1.4009001 1.3991492 0.9486872011349905
1.4 1.4 0.027200000000000002 1.4009001 1.3991492 0.9480138576161306
1.4 1.4 0.0274 1.4009001 1.3991492 0.947339072732367
1.4 1.4 0.027600000000000003 1.4009001 1.3991492 0.9466602179145909
1.4 1.4 0.027800000000000002 1.4009001 1.3991492 0.9459781880614432
1.4 1.4 0.028 1.4009001 1.3991492 0.9452963091221362
1.4 1.4 0.028200000000000003 1.4009001 1.3991492 0.9446158896530057
1.4 1.4 0.0284 1.4009001 1.3991492 0.9439345164675346
1.4 1.4 0.0286 1.4009001 1.3991492 0.9432495986352546
1.4 1.4 0.028800000000000003 1.4009001 1.3991492 0.9425622415174216
1.4 1.4 0.029 1.4009001 1.3991492 0.9418758168707948
1.4 1.4 0.0292 1.4009001 1.3991492 0.9411911390593166
1.4 1.4 0.029400000000000003 1.4009001 1.3991492 0.9405053082685224
1.4 1.4 0.0296 1.4009001 1.3991492 0.9398160885122363
1.4 1.4 0.0298 1.4009001 1.3991492 0.9391253394844378
1.4 1.4 0.030000000000000002 1.4009001 1.3991492 0.9384361882480621
1.4 1.4 0.0302 1.4009001 1.3991492 0.937748152627959
1.4 1.4 0.0304 1.4009001 1.3991492 0.9370578459960602
1.4 1.4 0.030600000000000002 1.4009001 1.3991492 0.9363643263043048
1.4 1.4 0.0308 1.4009001 1.3991492 0.9356706223711848
1.4 1.4 0.031 1.4009001 1.3991492 0.9349788372844849
1.4 1.4 0.031200000000000002 1.4009001 1.3991492 0.9342866986637632
1.4 1.4 0.031400000000000004 1.4009001 1.3991492 0.9335913413980208
1.4 1.4 0.0316 1.4009001 1.3991492 0.9328941717383423
1.4 1.4 0.0318 1.4009001 1.3991492 0.9321985708242326
1.4 1.4 0.032 1.4009001 1.3991492 0.9315041695112917
1.4 1.4 0.0322 1.4009001 1.3991492 0.9308075277189742
1.4 1.4 0.0324 1.4009001 1.3991492 0.9301082035058511
1.4 1.4 0.032600000000000004 1.4009001 1.3991492 0.9294096100936211
1.4 1.4 0.0328 1.4009001 1.3991492 0.9287129848539714
1.4 1.4 0.033 1.4009001 1.3991492 0.9280151818263207
1.4 1.4 0.0332 1.4009001 1.3991492 0.9273144166104833
1.4 1.4 0.0334 1.4009001 1.3991492 0.9266135858722678
1.4 1.4 0.033600000000000005 1.4009001 1.3991492 0.9259149257406879
1.4 1.4 0.033800000000000004 1.4009001 1.3991492 0.9252158278337138
1.4 1.4 0.034 1.4009001 1.3991492 0.9245137795121602
1.4 1.4 0.0342 1.4009001 1.3991492 0.9238111964682877
1.4 1.4 0.0344 1.4009001 1.3991492 0.9231108075193442
1.4 1.4 0.0346 1.4009001 1.3991492 0.9224103675792358
1.4 1.4 0.034800000000000005 1.4009001 1.3991492 0.9217070887778892
1.4 1.4 0.035 1.4009001 1.3991492 0.9210032119735313
1.4 1.4 0.0352 1.4009001 1.3991492 0.9203015768696856
1.4 1.4 0.0354 1.4009001 1.3991492 0.919599923172039
1.4 1.4 0.0356 1.4009001 1.3991492 0.9188955206573014
1.4 1.4 0.0358 1.4009001 1.3991492 0.9181908242177252
1.4 1.4 0.036000000000000004 1.4009001 1.3991492 0.9174884358729539
1.4 1.4 0.0362 1.4009001 1.3991492 0.9167856954299597
1.4 1.4 0.0364 1.4009001 1.3991492 0.9160803134464686
1.4 1.4 0.0366 1.4009001 1.3991492 0.9153752762444997
1.4 1.4 0.0368 1.4009001 1.3991492 0.9146724781887696
1.4 1.4 0.037000000000000005 1.4009001 1.3991492 0.9139686489747416
1.4 1.4 0.037200000000000004 1.4009001 1.3991492 0.9132625093473866
1.4 1.4 0.0374 1.4009001 1.3991492 0.9125576169251034
1.4 1.4 0.0376 1.4009001 1.3991492 0.9118545098429669
1.4 1.4 0.0378 1.4009001 1.3991492 0.9111495266291998
1.4 1.4 0.038 1.4009001 1.3991492 0.91044308168252
1.4 1.4 0.038200000000000005 1.4009001 1.3991492 0.9097387579448409
1.4 1.4 0.038400000000000004 1.4009001 1.3991492 0.9090351355712689
1.4 1.4 0.0386 1.4009001 1.3991492 0.9083290898685633
1.4 1.4 0.0388 1.4009001 1.3991492 0.907623081353357
1.4 1.4 0.039 1.4009001 1.3991492 0.9069194249518719
1.4 1.4 0.0392 1.4009001 1.3991492 0.9062148584016427
1.4 1.4 0.039400000000000004 1.4009001 1.3991492 0.9055083289795323
1.4 1.4 0.0396 1.4009001 1.3991492 0.9048035456081104
1.4 1.4 0.0398 1.4009001 1.3991492 0.9041000604794478
1.4 1.4 0.04 1.4009001 1.3991492 0.9033943886238887
1.4 1.4 0.0402 1.4009001 1.3991492 0.9026885670105869
1.4 1.4 0.040400000000000005 1.4009001 1.3991492 0.901985157515446
1.4 1.4 0.040600000000000004 1.4009001 1.3991492 0.901280918241596
1.4 1.4 0.0408 1.4009001 1.3991492 0.9005749477607273
1.4 1.4 0.041 1.4009001 1.3991492 0.8998709863560651
1.4 1.4 0.0412 1.4009001 1.3991492 0.8991679629689705
1.4 1.4 0.0414 1.4009001 1.3991492 0.8984627593022978
1.4 1.4 0.041600000000000005 1.4009001 1.3991492 0.8977582399985012
1.4 1.4 0.041800000000000004 1.4009001 1.3991492 0.89705585381984
1.4 1.4 0.042 1.4009001 1.3991492 0.8963518901145102
1.4 1.4 0.0422 1.4009001 1.3991492 0.8956472318841927
1.4 1.4 0.0424 1.4009001 1.3991492 0.8949450323663891
1.4 1.4 0.0426 1.4009001 1.3991492 0.8942423610765247
1.4 1.4 0.042800000000000005 1.4009001 1.3991492 0.893538070836368
1.4 1.4 0.043000000000000003 1.4009001 1.3991492 0.8928359035758453
1.4 1.4 0.0432 1.4009001 1.3991492 0.8921343911776595
1.4 1.4 0.0434 1.4009001 1.3991492 0.8914309044442958
1.4 1.4 0.0436 1.4009001 1.3991492 0.8907288925648266
1.4 1.4 0.0438 1.4009001 1.3991492 0.890028404319994
1.4 1.4 0.044000000000000004 1.4009001 1.3991492 0.8893260040433857
1.4 1.4 0.0442 1.4009001 1.3991492 0.8886243857415352
1.4 1.4 0.0444 1.4009001 1.3991492 0.8879248153664886
1.4 1.4 0.0446 1.4009001 1.3991492 0.8872235844246082
1.4 1.4 0.0448 1.4009001 1.3991492 0.8865225585604495
1.4 1.4 0.045000000000000005 1.4009001 1.3991492 0.8858238373805354
1.4 1.4 0.045200000000000004 1.4009001 1.3991492 0.8851237320334334
1.4 1.4 0.0454 1.4009001 1.3991492 0.8844234257382351
1.4 1.4 0.0456 1.4009001 1.3991492 0.8837255246591667
1.4 1.4 0.0458 1.4009001 1.3991492 0.8830264804187485
1.4 1.4 0.046 1.4009001 1.3991492 0.8823270569517291
1.4 1.4 0.046200000000000005 1.4009001 1.3991492 0.8816300843234376
1.4 1.4 0.046400000000000004 1.4009001 1.3991492 0.8809320967110713
1.4 1.4 0.0466 1.4009001 1.3991492 0.8802337295235129
1.4 1.4 0.0468 1.4009001 1.3991492 0.8795378373865429
1.4 1.4 0.047 1.4009001 1.3991492 0.8788409364876315
1.4 1.4 0.0472 1.4009001 1.3991492 0.8781438045958213
1.4 1.4 0.047400000000000005 1.4009001 1.3991492 0.8774490973949748
1.4 1.4 0.0476 1.4009001 1.3991492 0.876753236101911
1.4 1.4 0.0478 1.4009001 1.3991492 0.8760574470154563
1.4 1.4 0.048 1.4009001 1.3991492 0.8753639605991552
1.4 1.4 0.0482 1.4009001 1.3991492 0.8746691133884749
1.4 1.4 0.048400000000000006 1.4009001 1.3991492 0.8739748143312402
1.4 1.4 0.048600000000000004 1.4009001 1.3991492 0.8732825499498885
1.4 1.4 0.0488 1.4009001 1.3991492 0.872588744274962
1.4 1.4 0.049 1.4009001 1.3991492 0.8718961085904238
1.4 1.4 0.0492 1.4009001 1.3991492 0.8712050065882792
1.4 1.4 0.0494 1.4009001 1.3991492 0.8705123329870192
1.4 1.4 0.049600000000000005 1.4009001 1.3991492 0.8698214914701483
1.4 1.4 0.049800000000000004 1.4009001 1.3991492 0.8691314123433297
1.4 1.4 0.05 1.4009001 1.3991492 0.8684400529550373
