1.4 1.4 0.0 1.4005422 1.3994579 0.9999994146360428
1.4 1.4 0.0002 1.4005422 1.3994579 0.999998854295415
1.4 1.4 0.0004 1.4006156 1.399385 0.9999996295588834
1.4 1.4 0.0006000000000000001 1.4003173 1.3996835 0.9999974629856242
1.4 1.4 0.0008 1.4003173 1.3996835 0.9999937106508382
1.4 1.4 0.001 1.4004373 1.3995644 0.9999874494358355
1.4 1.4 0.0012000000000000001 1.4009244 1.3990783 0.9999738886566705
1.4 1.4 0.0014 1.4002233 1.3997796 0.9999524877388586
1.4 1.4 0.0016 1.400903 1.3991014 0.999918832537484
1.4 1.4 0.0018000000000000002 1.4004317 1.399573 0.9998694138954302
1.4 1.4 0.002 1.4005776 1.3994285 0.9998021787921019
1.4 1.4 0.0022 1.4004406 1.3995666 0.9997105359641478
1.4 1.4 0.0024000000000000002 1.4008533 1.3991557 0.9995900582752757
1.4 1.4 0.0026000000000000003 1.4003223 1.3996878 0.9994351668384852
1.4 1.4 0.0028 1.4009342 1.3990778 0.9992411835672352
1.4 1.4 0.003 1.4008823 1.3991314 0.9990016820483272
1.4 1.4 0.0032 1.4009799 1.3990356 0.9987083219833365
1.4 1.4 0.0034000000000000002 1.4008434 1.399174 0.9983574675153075
1.4 1.4 0.0036000000000000003 1.4005427 1.3994764 0.9979393339657596
1.4 1.4 0.0038 1.4008125 1.3992091 0.9974463437301583
1.4 1.4 0.004 1.4006384 1.3993851 0.9968729414374686
1.4 1.4 0.004200000000000001 1.4009852 1.399041 0.9962085939165187
1.4 1.4 0.0044 1.4008665 1.399162 0.9954481512189531
1.4 1.4 0.0046 1.4003626 1.3996679 0.9945827989280176
1.4 1.4 0.0048000000000000004 1.4009625 1.3990712 0.9936022360948618
1.4 1.4 0.005 1.4008607 1.3991758 0.9925041826521789
1.4 1.4 0.005200000000000001 1.4009122 1.399127 0.991276653300534
1.4 1.4 0.0054 1.4000439 1.3999975 0.9899169126871992
1.4 1.4 0.0056 1.4007131 1.3993322 0.9884144423210538
1.4 1.4 0.0058000000000000005 1.4009851 1.3990634 0.9867694915302311
1.4 1.4 0.006 1.4008327 1.399217 0.9849103451882962
1.4 1.4 0.006200000000000001 1.4008327 1.399217 0.9824934245566339
1.4 1.4 0.0064 1.4008327 1.399217 0.9794767106272859
1.4 1.4 0.0066 1.4008327 1.399217 0.9758808326994046
1.4 1.4 0.0068000000000000005 1.4008327 1.399217 0.9717389323950765
1.4 1.4 0.007 1.4008327 1.399217 0.9670953963291206
1.4 1.4 0.007200000000000001 1.4008327 1.399217 0.9620037665449347
1.4 1.4 0.0074 1.4008327 1.399217 0.9565238910118976
1.4 1.4 0.0076 1.4008327 1.399217 0.9507184779469182
1.4 1.4 0.0078000000000000005 1.4008327 1.399217 0.9446493251485025
1.4 1.4 0.008 1.4008327 1.399217 0.9383735920409317
1.4 1.4 0.0082 1.4008327 1.399217 0.9319405463091996
1.4 1.4 0.008400000000000001 1.4008327 1.399217 0.9253892263168306
1.4 1.4 0.0086 1.4008327 1.399217 0.9187473965115408
1.4 1.4 0.0088 1.4008327 1.399217 0.9120320276418868
1.4 1.4 0.009000000000000001 1.4008327 1.399217 0.9052513145696408
1.4 1.4 0.0092 1.4008327 1.399217 0.8984079782851391
1.4 1.4 0.0094 1.4008327 1.399217 0.8915033296078786
1.4 1.4 0.009600000000000001 1.4008327 1.399217 0.8845413561989837
1.4 1.4 0.0098 1.4008327 1.399217 0.8775319905718592
1.4 1.4 0.01 1.4008327 1.399217 0.8704927734734595
1.4 1.4 0.0102 1.4008327 1.399217 0.8634483694558606
1.4 1.4 0.010400000000000001 1.4008327 1.399217 0.8564278079765971
1.4 1.4 0.0106 1.4008327 1.399217 0.8494598554737476
1.4 1.4 0.0108 1.4008327 1.399217 0.8425674643456695
1.4 1.4 0.011000000000000001 1.4008327 1.399217 0.8357626500859837
1.4 1.4 0.0112 1.4008327 1.399217 0.8290432693038265
1.4 1.4 0.0114 1.4008327 1.399217 0.822482599916098
1.4 1.4 0.011600000000000001 1.4008327 1.399217 0.816209987256662
1.4 1.4 0.0118 1.4008327 1.399217 0.8099435796524082
1.4 1.4 0.012 1.4008327 1.399217 0.8036555789327824
1.4 1.4 0.0122 1.4008327 1.399217 0.7973296681034224
1.4 1.4 0.012400000000000001 1.4008327 1.399217 0.7909667786314281
1.4 1.4 0.0126 1.4008327 1.399217 0.784586273520016
1.4 1.4 0.0128 1.4008327 1.399217 0.7782216398970849
1.4 1.4 0.013000000000000001 1.4008327 1.399217 0.7719114406303568
1.4 1.4 0.0132 1.4008327 1.399217 0.7656879866802274
1.4 1.4 0.0134 1.4008327 1.399217 0.7595673505747534
1.4 1.4 0.013600000000000001 1.4008327 1.399217 0.75354438014798
1.4 1.4 0.013800000000000002 1.4008327 1.399217 0.7475950270605156
1.4 1.4 0.014 1.4008327 1.399217 0.7416858295131215
1.4 1.4 0.0142 1.4008327 1.399217 0.7357875784063038
1.4 1.4 0.014400000000000001 1.4008327 1.399217 0.7298881561464122
1.4 1.4 0.0146 1.4008327 1.399217 0.7239992565580833
1.4 1.4 0.0148 1.4008327 1.399217 0.7181535983875847
1.4 1.4 0.015000000000000001 1.4008327 1.399217 0.7123929023121447
1.4 1.4 0.0152 1.4008327 1.399217 0.7067510134059564
1.4 1.4 0.0154 1.4008327 1.399217 0.7012393093317588
1.4 1.4 0.015600000000000001 1.4008327 1.399217 0.695841353662946
1.4 1.4 0.0158 1.4008327 1.399217 0.690520164890087
1.4 1.4 0.016 1.4008327 1.399217 0.6852356865435355
1.4 1.4 0.0162 1.4008327 1.399217 0.6799646823211258
1.4 1.4 0.0164 1.4008327 1.399217 0.6747132031087019
1.4 1.4 0.0166 1.4008327 1.399217 0.6695145710373452
1.4 1.4 0.016800000000000002 1.4008327 1.399217 0.6644127560237884
1.4 1.4 0.017 1.4008327 1.399217 0.6594389619713587
1.4 1.4 0.0172 1.4008327 1.399217 0.6545938886554816
1.4 1.4 0.017400000000000002 1.4008327 1.399217 0.6498462230382401
1.4 1.4 0.0176 1.4008327 1.399217 0.6451495033068421
1.4 1.4 0.0178 1.4008327 1.399217 0.6404687385980726
1.4 1.4 0.018000000000000002 1.4008327 1.399217 0.6358014045044387
1.4 1.4 0.0182 1.4008327 1.399217 0.6311794541178809
1.4 1.4 0.0184 1.4008327 1.399217 0.6266496952863353
1.4 1.4 0.018600000000000002 1.4008327 1.399217 0.6222435924876037
1.4 1.4 0.0188 1.4008327 1.399217 0.617955611149571
1.4 1.4 0.019 1.4008327 1.399217 0.613745276977848
1.4 1.4 0.019200000000000002 1.4008327 1.399217 0.6095631746500723
1.4 1.4 0.0194 1.4008327 1.399217 0.6053843338954861
1.4 1.4 0.0196 1.4008327 1.399217 0.6012257590464292
1.4 1.4 0.0198 1.4008327 1.399217 0.5971343762783057
1.4 1.4 0.02 1.4008327 1.399217 0.5931523613880856
1.4 1.4 0.020200000000000003 1.4008327 1.399217 0.5892844964683691
1.4 1.4 0.0204 1.4008327 1.399217 0.5854927774881864
1.4 1.4 0.0206 1.4008327 1.399217 0.5817242001183563
1.4 1.4 0.020800000000000003 1.4008327 1.399217 0.577951607606806
1.4 1.4 0.021 1.4008327 1.399217 0.5741953041503977
1.4 1.4 0.0212 1.4008327 1.399217 0.5705064917603345
1.4 1.4 0.021400000000000002 1.4008327 1.399217 0.5669241476187497
1.4 1.4 0.0216 1.4008327 1.399217 0.5634406127306122
1.4 1.4 0.0218 1.4008327 1.399217 0.560006345826991
1.4 1.4 0.022000000000000002 1.4008327 1.399217 0.5565718577826434
1.4 1.4 0.0222 1.4008327 1.399217 0.5531311840222436
1.4 1.4 0.0224 1.4008327 1.399217 0.5497272929896425
1.4 1.4 0.022600000000000002 1.4008327 1.399217 0.5464123365297815
1.4 1.4 0.0228 1.4008327 1.399217 0.5431977951129259
1.4 1.4 0.023 1.4008327 1.399217 0.5400418469855759
1.4 1.4 0.023200000000000002 1.4008327 1.399217 0.5368882446429228
1.4 1.4 0.0234 1.4008327 1.399217 0.5337208075484398
1.4 1.4 0.0236 1.4008327 1.399217 0.5305795339127218
1.4 1.4 0.0238 1.4008327 1.399217 0.527519966439192
1.4 1.4 0.024 1.4008327 1.399217 0.5245551008033005
1.4 1.4 0.024200000000000003 1.4008327 1.399217 0.5216401916588702
1.4 1.4 0.0244 1.4008327 1.399217 0.5187187954288568
1.4 1.4 0.0246 1.4008327 1.399217 0.5157829562984594
1.4 1.4 0.024800000000000003 1.4008327 1.399217 0.5128819545011586
1.4 1.4 0.025 1.4008327 1.399217 0.5100674590610854
1.4 1.4 0.0252 1.4008327 1.399217 0.5073342888095703
1.4 1.4 0.025400000000000002 1.4008327 1.399217 0.5046247396537865
1.4 1.4 0.0256 1.4008327 1.399217 0.5018942671055355
1.4 1.4 0.0258 1.4008327 1.399217 0.49916352564503474
1.4 1.4 0.026000000000000002 1.4008327 1.399217 0.49649382201595116
1.4 1.4 0.0262 1.4008327 1.399217 0.493921700155754
1.4 1.4 0.0264 1.4008327 1.399217 0.4914166571478891
1.4 1.4 0.026600000000000002 1.4008327 1.399217 0.48890109842977914
1.4 1.4 0.0268 1.4008327 1.399217 0.48636499590826765
1.4 1.4 0.027 1.4008327 1.399217 0.48386301276691185
1.4 1.4 0.027200000000000002 1.4008327 1.399217 0.48144378120688136
1.4 1.4 0.0274 1.4008327 1.399217 0.4790852552800614
1.4 1.4 0.027600000000000003 1.4008327 1.399217 0.47672253172585727
1.4 1.4 0.027800000000000002 1.4008327 1.399217 0.47433414608682994
1.4 1.4 0.028 1.4008327 1.399217 0.4719711856277975
1.4 1.4 0.028200000000000003 1.4008327 1.399217 0.469686837948305
1.4 1.4 0.0284 1.4008327 1.399217 0.46746130956855797
1.4 1.4 0.0286 1.4008327 1.399217 0.46522843599806357
1.4 1.4 0.028800000000000003 1.4008327 1.399217 0.4629694419386048
1.4 1.4 0.029 1.4008327 1.399217 0.4607400688137498
1.4 1.4 0.0292 1.4008327 1.399217 0.4585888681097112
1.4 1.4 0.029400000000000003 1.4008327 1.399217 0.45648433492250046
1.4 1.4 0.0296 1.4008327 1.399217 0.45436086424011296
1.4 1.4 0.0298 1.4008327 1.399217 0.45221758468041223
1.4 1.4 0.030000000000000002 1.4008327 1.399217 0.450119712971836
1.4 1.4 0.0302 1.4008327 1.399217 0.4480971031110854
1.4 1.4 0.0304 1.4008327 1.399217 0.44609635726943864
1.4 1.4 0.030600000000000002 1.4008327 1.399217 0.4440644905087037
1.4 1.4 0.0308 1.4008327 1.399217 0.4420335855449437
1.4 1.4 0.031 1.4008327 1.399217 0.44006873620831577
1.4 1.4 0.031200000000000002 1.4008327 1.399217 0.43816067764672567
1.4 1.4 0.031400000000000004 1.4008327 1.399217 0.43623999673867914
1.4 1.4 0.0316 1.4008327 1.399217 0.43429268928829634
1.4 1.4 0.0318 1.4008327 1.399217 0.4323838146202374
1.4 1.4 0.032 1.4008327 1.399217 0.43054599741549787
1.4 1.4 0.0322 1.4008327 1.399217 0.42872218661728934
1.4 1.4 0.0324 1.4008327 1.399217 0.4268644718553021
1.4 1.4 0.032600000000000004 1.4008327 1.399217 0.42501837558808087
1.4 1.4 0.0328 1.4008327 1.399217 0.4232415955940581
1.4 1.4 0.033 1.4008327 1.399217 0.42149942513755356
1.4 1.4 0.0332 1.4008327 1.399217 0.41972696917423535
1.4 1.4 0.0334 1.4008327 1.399217 0.4179479421880036
1.4 1.4 0.033600000000000005 1.4008327 1.399217 0.41623062944868666
1.4 1.4 0.033800000000000004 1.4008327 1.399217 0.4145594700420565
1.4 1.4 0.034 1.4008327 1.399217 0.41286352083534233
1.4 1.4 0.0342 1.4008327 1.399217 0.41115126582658124
1.4 1.4 0.0344 1.4008327 1.399217 0.40949411578750894
1.4 1.4 0.0346 1.4008327 1.399217 0.40788713508179514
1.4 1.4 0.034800000000000005 1.4008327 1.399217 0.4062579934460468
1.4 1.4 0.035 1.4008327 1.399217 0.40460975846908315
1.4 1.4 0.0352 1.4008327 1.399217 0.4030145892639016
1.4 1.4 0.0354 1.4008327 1.399217 0.40146775220051995
1.4 1.4 0.0356 1.4008327 1.399217 0.3998965415640231
1.4 1.4 0.0358 1.4008327 1.399217 0.39830914834463654
1.4 1.4 0.036000000000000004 1.4008327 1.399217 0.3967775841033844
1.4 1.4 0.0362 1.4008327 1.399217 0.39528679641739883
1.4 1.4 0.0364 1.4008327 1.399217 0.39376561011595895
1.4 1.4 0.0366 1.4008327 1.399217 0.3922374318365536
1.4 1.4 0.0368 1.4008327 1.399217 0.39076982363448665
1.4 1.4 0.037000000000000005 1.4008327 1.399217 0.38932813463337007
1.4 1.4 0.037200000000000004 1.4008327 1.399217 0.38785059475884964
1.4 1.4 0.0374 1.4008327 1.399217 0.38638373110970287
1.4 1.4 0.0376 1.4008327 1.399217 0.3849789418397032
1.4 1.4 0.0378 1.4008327 1.399217 0.3835771338000097
1.4 1.4 0.038 1.4008327 1.399217 0.38214122024648156
1.4 1.4 0.038200000000000005 1.4008327 1.399217 0.3807399257694291
1.4 1.4 0.038400000000000004 1.4008327 1.399217 0.379390247558708
1.4 1.4 0.0386 1.4008327 1.399217 0.37801780549665154
1.4 1.4 0.0388 1.4008327 1.399217 0.3766291841031773
1.4 1.4 0.039 1.4008327 1.399217 0.37529615604840494
1.4 1.4 0.0392 1.4008327 1.399217 0.3739860435259618
1.4 1.4 0.039400000000000004 1.4008327 1.399217 0.37263903326228753
1.4 1.4 0.0396 1.4008327 1.399217 0.37131104772076096
1.4 1.4 0.0398 1.4008327 1.399217 0.3700385631727367
1.4 1.4 0.04 1.4008327 1.399217 0.36874972827485664
1.4 1.4 0.0402 1.4008327 1.399217 0.3674399018637679
1.4 1.4 0.040400000000000005 1.4008327 1.399217 0.3661826926269467
1.4 1.4 0.040600000000000004 1.4008327 1.399217 0.36494689653108825
1.4 1.4 0.0408 1.4008327 1.399217 0.36367425110534063
1.4 1.4 0.041 1.4008327 1.399217 0.36242574225850965
1.4 1.4 0.0412 1.4008327 1.399217 0.36122669938158314
1.4 1.4 0.0414 1.4008327 1.399217 0.3600020569754833
1.4 1.4 0.041600000000000005 1.4008327 1.399217 0.3587690032176011
1.4 1.4 0.041800000000000004 1.4008327 1.399217 0.357591973988383
1.4 1.4 0.042 1.4008327 1.399217 0.35641444204172174
1.4 1.4 0.0422 1.4008327 1.399217 0.35520676210600916
1.4 1.4 0.0424 1.4008327 1.399217 0.3540438091281214
1.4 1.4 0.0426 1.4008327 1.399217 0.35290573900061345
1.4 1.4 0.042800000000000005 1.4008327 1.399217 0.3517309064747876
1.4 1.4 0.043000000000000003 1.4008327 1.399217 0.35058120586819447
1.4 1.4 0.0432 1.4008327 1.399217 0.34947403679838424
1.4 1.4 0.0434 1.4008327 1.399217 0.3483349103500815
1.4 1.4 0.0436 1.4008327 1.399217 0.3472014174315163
1.4 1.4 0.0438 1.4008327 1.399217 0.34611913500458724
1.4 1.4 0.044000000000000004 1.4008327 1.399217 0.3450151377506324
1.4 1.4 0.0442 1.4008327 1.399217 0.3439013175600452
1.4 1.4 0.0444 1.4008327 1.399217 0.34284041375160484
1.4 1.4 0.0446 1.4008327 1.399217 0.3417687930039138
1.4 1.4 0.0448 1.4008327 1.399217 0.3406772573775832
1.4 1.4 0.045000000000000005 1.4008327 1.399217 0.33963680433822174
1.4 1.4 0.045200000000000004 1.4008327 1.399217 0.33859435806872556
1.4 1.4 0.0454 1.4008327 1.399217 0.33752585547382186
1.4 1.4 0.0456 1.4008327 1.399217 0.3365053270436765
1.4 1.4 0.0458 1.4008327 1.399217 0.33548837519215813
1.4 1.4 0.046 1.4008327 1.399217 0.33444277427871927
1.4 1.4 0.046200000000000005 1.4008327 1.399217 0.3334430527703627
1.4 1.4 0.046400000000000004 1.4008327 1.399217 0.33244888382119386
1.4 1.4 0.0466 1.4008327 1.399217 0.3314255968997858
1.4 1.4 0.0468 1.4008327 1.399217 0.330447622169219
1.4 1.4 0.047 1.4008327 1.399217 0.3294737589666324
1.4 1.4 0.0472 1.4008327 1.399217 0.3284723811488955
1.4 1.4 0.047400000000000005 1.4008327 1.399217 0.3275172767864366
1.4 1.4 0.0476 1.4008327 1.399217 0.32656134825029676
1.4 1.4 0.0478 1.4008327 1.399217 0.32558148296267414
1.4 1.4 0.048 1.4008327 1.399217 0.324649070552026
1.4 1.4 0.0482 1.4008327 1.399217 0.3237078641005466
1.4 1.4 0.048400000000000006 1.4008327 1.399217 0.32274996227060965
1.4 1.4 0.048600000000000004 1.4008327 1.399217 0.3218401613870031
1.4 1.4 0.0488 1.4008327 1.399217 0.32091189004844883
1.4 1.4 0.049 1.4008327 1.399217 0.3199782669226214
1.4 1.4 0.0492 1.4008327 1.399217 0.31908965076411844
1.4 1.4 0.0494 1.4008327 1.399217 0.31817291809771164
1.4 1.4 0.049600000000000005 1.4008327 1.399217 0.31726619032304754
1.4 1.4 0.049800000000000004 1.4008327 1.399217 0.31639497683769346
1.4 1.4 0.05 1.4008327 1.399217 0.3154897996618224
