1.4 1.4 0.0 1.4006454 1.3993538 0.9999999798967545
1.4 1.4 0.0002 1.4006454 1.3993538 0.9999999784406056
1.4 1.4 0.0004 1.4006454 1.3993538 0.9999999649708572
1.4 1.4 0.0006000000000000001 1.4006454 1.3993538 0.9999999438097514
1.4 1.4 0.0008 1.4004923 1.3995185 0.9999999181669245
1.4 1.4 0.001 1.4004923 1.3995185 0.9999999559467463
1.4 1.4 0.0012000000000000001 1.4004923 1.3995185 0.9999999709335735
1.4 1.4 0.0014 1.4004923 1.3995185 0.9999999310293463
1.4 1.4 0.0016 1.4009428 1.3990811 0.9999999329563138
1.4 1.4 0.0018000000000000002 1.4009428 1.3990811 0.9999999285233782
1.4 1.4 0.002 1.4000942 1.3999416 0.9999998944504763
1.4 1.4 0.0022 1.4000942 1.3999416 0.999999885857569
1.4 1.4 0.0024000000000000002 1.4005343 1.399514 0.9999998562131059
1.4 1.4 0.0026000000000000003 1.4005343 1.399514 0.9999997747641475
1.4 1.4 0.0028 1.4005343 1.399514 0.9999994712905762
1.4 1.4 0.003 1.4005343 1.399514 0.9999988579236755
1.4 1.4 0.0032 1.4005343 1.399514 0.999998047805476
1.4 1.4 0.0034000000000000002 1.4005343 1.399514 0.9999970590336398
1.4 1.4 0.0036000000000000003 1.4005343 1.399514 0.9999958814298368
1.4 1.4 0.0038 1.4005343 1.399514 0.9999944832745737
1.4 1.4 0.004 1.4005343 1.399514 0.9999928535188527
1.4 1.4 0.004200000000000001 1.4005343 1.399514 0.9999909471010697
1.4 1.4 0.0044 1.4005343 1.399514 0.9999887515967895
1.4 1.4 0.0046 1.4005343 1.399514 0.9999862198398577
1.4 1.4 0.0048000000000000004 1.4005343 1.399514 0.9999833215809344
1.4 1.4 0.005 1.4005343 1.399514 0.9999800273222583
1.4 1.4 0.005200000000000001 1.4005343 1.399514 0.9999763084067936
1.4 1.4 0.0054 1.4005343 1.399514 0.9999721108123522
1.4 1.4 0.0056 1.4005343 1.399514 0.9999674126004865
1.4 1.4 0.0058000000000000005 1.4005343 1.399514 0.9999621620956555
1.4 1.4 0.006 1.4005343 1.399514 0.9999563251941899
1.4 1.4 0.006200000000000001 1.4005343 1.399514 0.9999498638689042
1.4 1.4 0.0064 1.4005343 1.399514 0.9999427261636532
1.4 1.4 0.0066 1.4005343 1.399514 0.9999348768447576
1.4 1.4 0.0068000000000000005 1.4005343 1.399514 0.9999262664419262
1.4 1.4 0.007 1.4005343 1.399514 0.9999168551815588
1.4 1.4 0.007200000000000001 1.4005343 1.399514 0.9999065906094244
1.4 1.4 0.0074 1.4005343 1.399514 0.999895436752028
1.4 1.4 0.0076 1.4005343 1.399514 0.9998833440223536
1.4 1.4 0.0078000000000000005 1.4005343 1.399514 0.9998702618434122
1.4 1.4 0.008 1.4005343 1.399514 0.9998561406232643
1.4 1.4 0.0082 1.4005343 1.399514 0.9998409462375816
1.4 1.4 0.008400000000000001 1.4005343 1.399514 0.9998246164892369
1.4 1.4 0.0086 1.4005343 1.399514 0.9998071210098021
1.4 1.4 0.0088 1.4005343 1.399514 0.9997883976059809
1.4 1.4 0.009000000000000001 1.4005343 1.399514 0.9997684084239638
1.4 1.4 0.0092 1.4005343 1.399514 0.9997471044770755
1.4 1.4 0.0094 1.4005343 1.399514 0.9997244395524211
1.4 1.4 0.009600000000000001 1.4005343 1.399514 0.9997003737027592
1.4 1.4 0.0098 1.4005343 1.399514 0.9996748556526605
1.4 1.4 0.01 1.4005343 1.399514 0.9996478520745403
1.4 1.4 0.0102 1.4005343 1.399514 0.9996193168778507
1.4 1.4 0.010400000000000001 1.4005343 1.399514 0.9995892077949348
1.4 1.4 0.0106 1.4005343 1.399514 0.9995574886796764
1.4 1.4 0.0108 1.4005343 1.399514 0.9995241252891468
1.4 1.4 0.011000000000000001 1.4005343 1.399514 0.9994890736305667
1.4 1.4 0.0112 1.4005343 1.399514 0.9994523099701164
1.4 1.4 0.0114 1.4005343 1.399514 0.9994137939956202
1.4 1.4 0.011600000000000001 1.4005343 1.399514 0.9993734940345345
1.4 1.4 0.0118 1.4005343 1.399514 0.9993313930601402
1.4 1.4 0.012 1.4005343 1.399514 0.9992874653884345
1.4 1.4 0.0122 1.4005343 1.399514 0.9992416780395226
1.4 1.4 0.012400000000000001 1.4005343 1.399514 0.9991940110048221
1.4 1.4 0.0126 1.4005343 1.399514 0.999144457369916
1.4 1.4 0.0128 1.4005343 1.399514 0.9990929971470448
1.4 1.4 0.013000000000000001 1.4005343 1.399514 0.9990396127261192
1.4 1.4 0.0132 1.4005343 1.399514 0.9989843004973877
1.4 1.4 0.0134 1.4005343 1.399514 0.998927048833696
1.4 1.4 0.013600000000000001 1.4005343 1.399514 0.9988678498827248
1.4 1.4 0.013800000000000002 1.4005343 1.399514 0.9988067109294936
1.4 1.4 0.014 1.4005343 1.399514 0.9987436245854754
1.4 1.4 0.0142 1.4005343 1.399514 0.9986785917840487
1.4 1.4 0.014400000000000001 1.4005343 1.399514 0.9986116227552184
1.4 1.4 0.0146 1.4005343 1.399514 0.9985427153502076
1.4 1.4 0.0148 1.4005343 1.399514 0.9984718768944223
1.4 1.4 0.015000000000000001 1.4005343 1.399514 0.9983991250513261
1.4 1.4 0.0152 1.4005343 1.399514 0.9983244675709596
1.4 1.4 0.0154 1.4005343 1.399514 0.9982479156119589
1.4 1.4 0.015600000000000001 1.4005343 1.399514 0.9981694863755569
1.4 1.4 0.0158 1.4005343 1.399514 0.9980891979505778
1.4 1.4 0.016 1.4005343 1.399514 0.9980070704289397
1.4 1.4 0.0162 1.4005343 1.399514 0.9979231230677671
1.4 1.4 0.0164 1.4005343 1.399514 0.9978373743874052
1.4 1.4 0.0166 1.4005343 1.399514 0.9977498547100953
1.4 1.4 0.016800000000000002 1.4005343 1.399514 0.9976605896074449
1.4 1.4 0.017 1.4005343 1.399514 0.9975695934808501
1.4 1.4 0.0172 1.4005343 1.399514 0.9974769021050531
1.4 1.4 0.017400000000000002 1.4005343 1.399514 0.9973825351993707
1.4 1.4 0.0176 1.4005343 1.399514 0.9972865264058896
1.4 1.4 0.0178 1.4005343 1.399514 0.997188901720115
1.4 1.4 0.018000000000000002 1.4005343 1.399514 0.9970896956772329
1.4 1.4 0.0182 1.4005343 1.399514 0.9969889342247492
1.4 1.4 0.0184 1.4005343 1.399514 0.9968866580428303
1.4 1.4 0.018600000000000002 1.4005343 1.399514 0.9967828909579858
1.4 1.4 0.0188 1.4005343 1.399514 0.9966776718546232
1.4 1.4 0.019 1.4005343 1.399514 0.9965710391773572
1.4 1.4 0.019200000000000002 1.4005343 1.399514 0.9964630158022407
1.4 1.4 0.0194 1.4005343 1.399514 0.9963536355364901
1.4 1.4 0.0196 1.4005343 1.399514 0.9962429452429876
1.4 1.4 0.0198 1.4005343 1.399514 0.996130974610103
1.4 1.4 0.02 1.4005343 1.399514 0.9960177511722713
1.4 1.4 0.020200000000000003 1.4005343 1.399514 0.9959033145266024
1.4 1.4 0.0204 1.4005343 1.399514 0.9957876923852372
1.4 1.4 0.0206 1.4005343 1.399514 0.995670917448402
1.4 1.4 0.020800000000000003 1.4005343 1.399514 0.9955530209975164
1.4 1.4 0.021 1.4005343 1.399514 0.9954340321764014
1.4 1.4 0.0212 1.4005343 1.399514 0.9953139788813817
1.4 1.4 0.021400000000000002 1.4005343 1.399514 0.9951928884349159
1.4 1.4 0.0216 1.4005343 1.399514 0.9950707796766245
1.4 1.4 0.0218 1.4005343 1.399514 0.9949476754393348
1.4 1.4 0.022000000000000002 1.4005343 1.399514 0.9948235892075172
1.4 1.4 0.0222 1.4005343 1.399514 0.9946985231148141
1.4 1.4 0.0224 1.4005343 1.399514 0.9945724965308419
1.4 1.4 0.022600000000000002 1.4005343 1.399514 0.9944454957238439
1.4 1.4 0.0228 1.4005343 1.399514 0.9943175357329481
1.4 1.4 0.023 1.4005343 1.399514 0.9941886266042157
1.4 1.4 0.023200000000000002 1.4005343 1.399514 0.9940587638993902
1.4 1.4 0.0234 1.4005343 1.399514 0.9939279328989995
1.4 1.4 0.0236 1.4005343 1.399514 0.9937961073320247
1.4 1.4 0.0238 1.4005343 1.399514 0.9936632828036298
1.4 1.4 0.024 1.4005343 1.399514 0.9935294765435461
1.4 1.4 0.024200000000000003 1.4005343 1.399514 0.9933946996029043
1.4 1.4 0.0244 1.4005343 1.399514 0.9932589506631732
1.4 1.4 0.0246 1.4005343 1.399514 0.993122218649492
1.4 1.4 0.024800000000000003 1.4005343 1.399514 0.9929844577843009
1.4 1.4 0.025 1.4005343 1.399514 0.9928456116144055
1.4 1.4 0.0252 1.4005343 1.399514 0.9927056295472589
1.4 1.4 0.025400000000000002 1.4005343 1.399514 0.9925644491512883
1.4 1.4 0.0256 1.4005343 1.399514 0.9924220280075219
1.4 1.4 0.0258 1.4005343 1.399514 0.9922783276492623
1.4 1.4 0.026000000000000002 1.4005343 1.399514 0.9921333209205375
1.4 1.4 0.0262 1.4005343 1.399514 0.9919869923737741
1.4 1.4 0.0264 1.4005343 1.399514 0.9918393261162511
1.4 1.4 0.026600000000000002 1.4005343 1.399514 0.9916903099986459
1.4 1.4 0.0268 1.4005343 1.399514 0.9915399132642618
1.4 1.4 0.027 1.4005343 1.399514 0.991388092947687
1.4 1.4 0.027200000000000002 1.4005343 1.399514 0.9912347853215321
1.4 1.4 0.0274 1.4005343 1.399514 0.9910799083444257
1.4 1.4 0.027600000000000003 1.4005343 1.399514 0.9909233803696254
1.4 1.4 0.027800000000000002 1.4005343 1.399514 0.990765106356521
1.4 1.4 0.028 1.4005343 1.399514 0.9906050015715951
1.4 1.4 0.028200000000000003 1.4005343 1.399514 0.9904429879253417
1.4 1.4 0.0284 1.4005343 1.399514 0.9902789931453129
1.4 1.4 0.0286 1.4005343 1.399514 0.9901129648970506
1.4 1.4 0.028800000000000003 1.4005343 1.399514 0.9899448693792617
1.4 1.4 0.029 1.4005343 1.399514 0.9897746871827444
1.4 1.4 0.0292 1.4005343 1.399514 0.9896024175178025
1.4 1.4 0.029400000000000003 1.4005343 1.399514 0.9894280724711831
1.4 1.4 0.0296 1.4005343 1.399514 0.9892516687350966
1.4 1.4 0.0298 1.4005343 1.399514 0.9890732340772969
1.4 1.4 0.030000000000000002 1.4005343 1.399514 0.9888928084847299
1.4 1.4 0.0302 1.4005343 1.399514 0.988710427371958
1.4 1.4 0.0304 1.4005343 1.399514 0.988526184516351
1.4 1.4 0.030600000000000002 1.4005343 1.399514 0.9883401696269636
1.4 1.4 0.0308 1.4005343 1.399514 0.9881523552490157
1.4 1.4 0.031 1.4005343 1.399514 0.9879629760945325
1.4 1.4 0.031200000000000002 1.4005343 1.399514 0.9877719305536271
1.4 1.4 0.031400000000000004 1.4005343 1.399514 0.9875794931664452
1.4 1.4 0.0316 1.4005343 1.399514 0.987385643834341
1.4 1.4 0.0318 1.4005343 1.399514 0.987190472715524
1.4 1.4 0.032 1.4005343 1.399514 0.9869942709876371
1.4 1.4 0.0322 1.4005343 1.399514 0.9867970512052296
1.4 1.4 0.0324 1.4005343 1.399514 0.9865988364182511
1.4 1.4 0.032600000000000004 1.4005343 1.399514 0.9863998442373398
1.4 1.4 0.0328 1.4005343 1.399514 0.9862002922473222
1.4 1.4 0.033 1.4005343 1.399514 0.9860002288628756
1.4 1.4 0.0332 1.4005343 1.399514 0.9857996704063218
1.4 1.4 0.0334 1.4005343 1.399514 0.9855987556827597
1.4 1.4 0.033600000000000005 1.4005343 1.399514 0.9853976825358156
1.4 1.4 0.033800000000000004 1.4005343 1.399514 0.9851965632876017
1.4 1.4 0.034 1.4005343 1.399514 0.9849954072636673
1.4 1.4 0.0342 1.4005343 1.399514 0.984794148448353
1.4 1.4 0.0344 1.4005343 1.399514 0.9845927524015771
1.4 1.4 0.0346 1.4005343 1.399514 0.9843912120732121
1.4 1.4 0.034800000000000005 1.4005343 1.399514 0.9841895052729421
1.4 1.4 0.035 1.4005343 1.399514 0.9839875717681039
1.4 1.4 0.0352 1.4005343 1.399514 0.9837852879310641
1.4 1.4 0.0354 1.4005343 1.399514 0.9835824992152222
1.4 1.4 0.0356 1.4005343 1.399514 0.9833790275657701
1.4 1.4 0.0358 1.4005343 1.399514 0.9831747015876359
1.4 1.4 0.036000000000000004 1.4005343 1.399514 0.9829693337874653
1.4 1.4 0.0362 1.4005343 1.399514 0.9827627354528281
1.4 1.4 0.0364 1.4005343 1.399514 0.9825546923850655
1.4 1.4 0.0366 1.4005343 1.399514 0.9823449815241776
1.4 1.4 0.0368 1.4005343 1.399514 0.9821333405974261
1.4 1.4 0.037000000000000005 1.4005343 1.399514 0.98191950562166
1.4 1.4 0.037200000000000004 1.4005343 1.399514 0.9817031998467355
1.4 1.4 0.0374 1.4005343 1.399514 0.981484141109803
1.4 1.4 0.0376 1.4005343 1.399514 0.9812620540152317
1.4 1.4 0.0378 1.4005343 1.399514 0.9810366328507263
1.4 1.4 0.038 1.4005343 1.399514 0.9808075778243341
1.4 1.4 0.038200000000000005 1.4005343 1.399514 0.9805745964676588
1.4 1.4 0.038400000000000004 1.4005343 1.399514 0.9803373738435637
1.4 1.4 0.0386 1.4005343 1.399514 0.9800956510662732
1.4 1.4 0.0388 1.4005343 1.399514 0.9798491727480335
1.4 1.4 0.039 1.4005343 1.399514 0.9795977474159375
1.4 1.4 0.0392 1.4005343 1.399514 0.9793412349538542
1.4 1.4 0.039400000000000004 1.4005343 1.399514 0.9790794916440936
1.4 1.4 0.0396 1.4005343 1.399514 0.9788124631502402
1.4 1.4 0.0398 1.4005343 1.399514 0.9785401295015708
1.4 1.4 0.04 1.4005343 1.399514 0.9782624593295667
1.4 1.4 0.0402 1.4005343 1.399514 0.9779794621453992
1.4 1.4 0.040400000000000005 1.4005343 1.399514 0.9776912380185029
1.4 1.4 0.040600000000000004 1.4005343 1.399514 0.9773978524347342
1.4 1.4 0.0408 1.4005343 1.399514 0.9770993728979899
1.4 1.4 0.041 1.4005343 1.399514 0.9767959095067832
1.4 1.4 0.0412 1.4005343 1.399514 0.9764876287137813
1.4 1.4 0.0414 1.4005343 1.399514 0.9761746853596664
1.4 1.4 0.041600000000000005 1.4005343 1.399514 0.9758572229649626
1.4 1.4 0.041800000000000004 1.4005343 1.399514 0.9755354149257913
1.4 1.4 0.042 1.4005343 1.399514 0.975209513070339
1.4 1.4 0.0422 1.4005343 1.399514 0.9748797862026642
1.4 1.4 0.0424 1.4005343 1.399514 0.9745465273007808
1.4 1.4 0.0426 1.4005343 1.399514 0.9742099952065962
1.4 1.4 0.042800000000000005 1.4005343 1.399514 0.9738704442982137
1.4 1.4 0.043000000000000003 1.4005343 1.399514 0.9735281152506743
1.4 1.4 0.0432 1.4005343 1.399514 0.9731832537805988
1.4 1.4 0.0434 1.4005343 1.399514 0.9728361122115191
1.4 1.4 0.0436 1.4005343 1.399514 0.972486936743484
1.4 1.4 0.0438 1.4005343 1.399514 0.9721359815004871
1.4 1.4 0.044000000000000004 1.4005343 1.399514 0.971783400951341
1.4 1.4 0.0442 1.4005343 1.399514 0.9714293580830808
1.4 1.4 0.0444 1.4005343 1.399514 0.9710739442925255
1.4 1.4 0.0446 1.4005343 1.399514 0.9707172433362086
1.4 1.4 0.0448 1.4005343 1.399514 0.9703592834935287
1.4 1.4 0.045000000000000005 1.4005343 1.399514 0.9700001717213632
1.4 1.4 0.045200000000000004 1.4005343 1.399514 0.9696399265253005
1.4 1.4 0.0454 1.4005343 1.399514 0.9692786299889221
1.4 1.4 0.0456 1.4005343 1.399514 0.9689163050545125
1.4 1.4 0.0458 1.4005343 1.399514 0.9685529183382872
1.4 1.4 0.046 1.4005343 1.399514 0.9681884951505184
1.4 1.4 0.046200000000000005 1.4005343 1.399514 0.9678229458941576
1.4 1.4 0.046400000000000004 1.4005343 1.399514 0.9674560835864849
1.4 1.4 0.0466 1.4005343 1.399514 0.9670877093063421
1.4 1.4 0.0468 1.4005343 1.399514 0.9667175022025598
1.4 1.4 0.047 1.4005343 1.399514 0.9663450098995188
1.4 1.4 0.0472 1.4005343 1.399514 0.9659697590276515
1.4 1.4 0.047400000000000005 1.4005343 1.399514 0.9655912879714608
1.4 1.4 0.0476 1.4005343 1.399514 0.9652091076284566
1.4 1.4 0.0478 1.4005343 1.399514 0.9648227190572536
1.4 1.4 0.048 1.4005343 1.399514 0.9644317327961921
1.4 1.4 0.0482 1.4005343 1.399514 0.9640358242400598
1.4 1.4 0.048400000000000006 1.4005343 1.399514 0.9636347451872509
1.4 1.4 0.048600000000000004 1.4005343 1.399514 0.9632283268780855
1.4 1.4 0.0488 1.4005343 1.399514 0.9628165029160157
1.4 1.4 0.049 1.4005343 1.399514 0.9623993101337591
1.4 1.4 0.0492 1.4005343 1.399514 0.9619768420321163
1.4 1.4 0.0494 1.4005343 1.399514 0.9615491979683435
1.4 1.4 0.049600000000000005 1.4005343 1.399514 0.9611166031374281
1.4 1.4 0.049800000000000004 1.4005343 1.399514 0.9606793534615504
1.4 1.4 0.05 1.4005343 1.399514 0.9602378254661363
